963
4625
2583
4865
1440
3668
1241
8006
5243
9882
6663
6858
6964
4955
501
8404
4487
8289
2734
4437
7062
3893
7599
4125
8958
5639
3198
3240
7599
1076
6701
843
1553
5668
4286
3674
2
7105
8657
3543
8718
3062
1499
8776
4564
1436
2769
1940
4853
4434
5154
3697
6849
1518
80
2429
3067
8432
2143
3842
5890
2257
1398
8918
9603
3966
41
2051
4126
3298
4300
5299
6291
9978
7758
4414
2064
2474
9554
3282
7804
9238
785
1143
7164
7798
9748
1713
3333
9620
737
9074
3155
3298
3440
7839
8288
4343
3388
5537
2046
4827
9644
1798
8154
6
5250
797
1003
9753
5133
930
4441
6865
8504
2413
8583
8989
8369
5512
233
2909
2880
506
561
1859
4282
4024
1882
9861
7483
6763
4758
4353
356
8195
7505
2171
878
9994
8476
7059
3947
412
9732
2542
9849
6390
1255
3305
7289
6167
2220
3965
72
307
2137
6281
2449
9065
9051
9284
397
8067
7254
8638
7354
8201
2668
2
9039
5445
5309
5396
6343
1486
2772
8568
4522
8585
2474
1796
8419
6187
74
274
1641
3715
4024
6659
5626
4675
5988
7577
424
1576
6307
9153
6376
317
9134
2624
4530
514
4876
2536
5623
4357
7507
6079
7112
4993
5062
4623
6514
8499
8637
724
5814
1713
1422
3753
5824
6802
7697
4282
4395
7030
9078
7233
5311
4379
7743
5467
3356
2704
5083
5372
7232
6391
434
8419
774
6106
4794
388
5406
9569
8337
4183
7116
6981
4229
9086
6389
8782
2039
6324
7475
249
1040
2459
7748
9483
8976
981
3101
1482
7171
3527
8130
3152
8445
3987
3516
6712
4219
988
9584
2870
6927
7540
4720
48
6308
5420
2812
4551
8466
8815
5561
5568
1310
3114
1218
2078
5480
1487
8884
1720
2547
3507
1020
5147
2242
3456
1002
3919
5493
3402
5997
5553
5689
114
5548
4798
9985
2867
2656
3922
5131
8117
9143
4382
9594
6619
7841
4359
7435
7661
9445
4627
7992
1849
4465
8653
6340
8116
6336
9832
9007
7683
7687
8927
3935
843
3160
555
4682
6494
722
2961
5745
6970
5855
1148
334
5392
6102
4091
8124
6812
6260
1242
9697
2660
2622
6547
3754
4836
6344
909
4656
2217
492
4136
8897
7423
3945
4976
5568
8877
5147
5409
3932
4481
2908
8146
3544
4506
8947
6981
4209
7722
6958
5949
754
3546
1399
6161
558
3480
4015
3548
5569
4523
3162
6838
7984
4958
7331
1546
2917
4332
6421
512
1872
5150
5029
1811
5977
6947
1054
3191
970
4742
9144
3532
6733
6536
833
6787
2717
9472
8210
5147
2150
9793
4982
93
1581
3940
5152
9576
6956
8843
6705
6056
8472
6344
9339
6460
866
8265
564
8477
5254
5255
8467
4019
4710
9589
933
3048
9143
2452
1675
1132
532
8573
2198
4521
7116
7976
5044
1167
3150
2140
5860
5300
7060
3875
1211
2
9809
7875
6833
8513
844
8216
5781
6927
7292
9517
777
7601
401
5118
7437
44
9273
4869
3232
9742
1072
1411
9888
6738
3932
7364
7521
2943
3406
6646
6121
5712
8854
1899
1792
419
7875
6524
7693
1606
7492
8743
5398
2659
4610
2568
177
2742
4995
386
4302
3422
2769
1670
5102
5282
6676
788
5732
1850
3737
4791
7978
5880
9279
3897
8791
8016
8574
5342
558
4030
7070
9197
5002
2100
8617
1115
8517
6860
8475
5944
5766
6989
4819
463
9626
8068
2534
5032
1361
6791
5079
1899
8200
464
4972
7252
2195
8565
7155
8832
3384
1056
8725
7979
1435
7044
6205
2352
8637
6677
4590
8637
8805
1681
6004
2247
5435
2986
7937
1039
946
6895
578
4545
3504
291
7808
8624
6192
1180
9752
2807
7358
558
8291
8733
6343
9660
1482
5706
8170
7499
7371
1279
8183
7829
6796
5813
8364
1691
8708
8975
971
9068
899
3154
5029
4007
9814
2210
981
3402
416
8081
340
9080
1064
1151
7192
8016
4570
2086
9166
1018
123
4768
6285
3107
4476
9515
4715
828
1366
3046
8581
7685
2795
7295
7895
6275
2848
9175
1008
1033
2950
318
7404
3485
5736
1459
7536
2961
6292
658
2620
9213
4198
5506
8251
7005
5009
4600
7870
5171
8678
2938
38
6915
6116
2814
1285
9007
9249
3145
7442
7394
4210
8316
8554
8079
1214
2430
7203
5212
8621
3907
9623
4096
3596
3651
144
5851
8148
9257
6154
4973
2141
9539
3482
6778
3549
1607
1559
7626
282
7910
3196
3349
2916
7970
993
8083
4793
1208
9105
8566
7321
2301
6857
1612
2281
4259
3451
866
3196
914
7481
8910
1834
4115
2854
7897
2830
2437
2126
4503
8192
3721
7620
5158
8943
9725
4181
9621
4243
3065
2669
340
6231
6262
6638
7654
8656
7354
2913
1264
7802
4831
62
4690
5667
4933
9728
9025
9918
4643
3069
1469
1941
9225
2386
2607
1070
3286
8213
7862
3618
8928
2098
6556
4662
8488
9842
4184
9783
2521
8458
2382
4430
2793
2528
5137
4260
3625
6789
3833
2957
1177
2552
3131
2841
9994
6656
572
6424
3753
11
7975
1985
2377
1460
1949
8966
8495
397
4498
4496
3068
2764
7831
859
8748
5675
7885
445
8720
896
8537
5656
7539
2095
9975
5170
4537
5682
8439
6401
983
1991
7383
8655
8222
5380
57
8700
6216
938
6073
417
8873
8780
7411
5379
2350
5537
666
4269
4151
2895
7342
1569
9210
4491
429
5335
7630
7169
6586
1242
7896
2108
433
4143
6969
8922
8524
7166
1737
6157
7655
4630
9789
2431
4873
9720
4238
2579
7872
7835
972
669
8228
6401
3972
1051
7136
6700
6117
6646
163
5578
2542
6900
8316
181
4321
8110
1950
9242
9224
72
9223
1630
280
2315
2607
9086
6487
3025
3934
1734
7229
9780
6932
9230
4263
8997
4057
4484
2141
7091
4913
8811
4240
9435
4365
7074
5805
1962
5780
2235
9091
3130
1888
156
92
9253
7061
8002
1354
4933
3408
1214
1229
2772
6246
1452
5534
5594
5474
7187
2041
3038
8724
7186
412
