4625
2583
4865
1440
3668
1241
8006
5243
9882
6663
6858
6964
4955
501
8404
4487
8289
2734
4437
7062
3893
7599
4125
8958
5639
3198
3240
7599
1076
6701
843
1553
5668
4286
3674
2
7105
8657
3543
8718
3062
1499
8776
4564
1436
2769
1940
4853
4434
5154
3697
6849
1518
80
2429
3067
8432
2143
3842
5890
2257
1398
8918
9603
3966
41
2051
4126
3298
4300
5299
6291
9978
7758
4414
2064
2474
9554
3282
7804
9238
785
1143
7164
7798
9748
1713
3333
9620
737
9074
3155
3298
3440
7839
8288
4343
3388
5537
2046
4827
9644
1798
8154
6
5250
797
1003
9753
5133
930
4441
6865
8504
2413
8583
8989
8369
5512
233
2909
2880
506
561
1859
4282
4024
1882
9861
7483
6763
4758
4353
356
8195
7505
2171
878
9994
8476
7059
3947
412
9732
2542
9849
6390
1255
3305
7289
6167
2220
3965
72
307
2137
6281
2449
9065
9051
9284
397
8067
7254
8638
7354
8201
2668
2
9039
5445
5309
5396
6343
1486
2772
8568
4522
8585
2474
1796
8419
6187
74
274
1641
3715
4024
6659
5626
4675
5988
7577
424
1576
6307
9153
6376
317
9134
2624
4530
514
4876
2536
5623
4357
7507
6079
7112
4993
5062
4623
6514
8499
8637
724
5814
1713
1422
3753
5824
6802
7697
4282
4395
7030
9078
7233
5311
4379
7743
5467
3356
2704
5083
5372
7232
6391
434
8419
774
6106
4794
388
5406
9569
8337
4183
7116
6981
4229
9086
6389
8782
2039
6324
7475
249
1040
2459
7748
9483
8976
981
3101
1482
7171
3527
8130
3152
8445
3987
3516
6712
4219
988
9584
2870
6927
7540
4720
48
6308
5420
2812
4551
8466
8815
5561
5568
1310
3114
1218
2078
5480
1487
8884
1720
2547
3507
1020
5147
2242
3456
1002
3919
5493
3402
5997
5553
5689
114
5548
4798
9985
2867
2656
3922
5131
8117
9143
4382
9594
6619
7841
4359
7435
7661
9445
4627
7992
1849
4465
8653
6340
8116
6336
9832
9007
7683
7687
8927
3935
843
3160
555
4682
6494
722
2961
5745
6970
5855
1148
334
5392
6102
4091
8124
6812
6260
1242
9697
2660
2622
6547
3754
4836
6344
909
4656
2217
492
4136
8897
7423
3945
4976
5568
8877
5147
5409
3932
4481
2908
8146
3544
4506
8947
6981
4209
7722
6958
5949
754
3546
1399
6161
558
3480
4015
3548
5569
4523
3162
6838
7984
4958
7331
1546
2917
4332
6421
512
1872
5150
5029
1811
5977
6947
1054
3191
970
4742
9144
3532
6733
6536
833
6787
2717
9472
8210
5147
2150
9793
4982
93
1581
3940
5152
9576
6956
8843
6705
6056
8472
6344
9339
6460
866
8265
564
8477
5254
5255
8467
4019
4710
9589
933
3048
9143
2452
1675
1132
532
8573
2198
4521
7116
7976
5044
1167
3150
2140
5860
5300
7060
3875
1211
2
9809
7875
6833
8513
844
8216
5781
6927
7292
9517
777
7601
401
5118
7437
44
9273
4869
3232
9742
1072
1411
9888
6738
3932
7364
7521
2943
3406
6646
6121
5712
8854
1899
1792
419
7875
6524
7693
1606
7492
8743
5398
2659
4610
2568
177
2742
4995
386
4302
3422
2769
1670
5102
5282
6676
788
5732
1850
3737
4791
7978
5880
9279
3897
8791
8016
8574
5342
558
4030
7070
9197
5002
2100
8617
1115
8517
6860
8475
5944
5766
6989
4819
463
9626
8068
2534
5032
1361
6791
5079
1899
8200
464
4972
7252
2195
8565
7155
8832
3384
1056
8725
7979
1435
7044
6205
2352
8637
6677
4590
8637
8805
1681
6004
2247
5435
2986
7937
1039
946
6895
578
4545
3504
291
7808
8624
6192
1180
9752
2807
7358
558
8291
8733
6343
9660
1482
5706
8170
7499
7371
1279
8183
7829
6796
5813
8364
1691
8708
8975
971
9068
899
3154
5029
4007
9814
2210
981
3402
416
8081
340
9080
1064
1151
7192
8016
4570
2086
9166
1018
123
4768
6285
3107
4476
9515
4715
828
1366
3046
8581
7685
2795
7295
7895
6275
2848
9175
1008
1033
2950
318
7404
3485
5736
1459
7536
2961
6292
658
2620
9213
4198
5506
8251
7005
5009
4600
7870
5171
8678
2938
38
6915
6116
2814
1285
9007
9249
3145
7442
7394
4210
8316
8554
8079
1214
2430
7203
5212
8621
3907
9623
4096
3596
3651
144
5851
8148
9257
6154
4973
2141
9539
3482
6778
3549
1607
1559
7626
282
7910
3196
3349
2916
7970
993
8083
4793
1208
9105
8566
7321
2301
6857
1612
2281
4259
3451
866
3196
914
7481
8910
1834
4115
2854
7897
2830
2437
2126
4503
8192
3721
7620
5158
8943
9725
4181
9621
4243
3065
2669
340
6231
6262
6638
7654
8656
7354
2913
1264
7802
4831
62
4690
5667
4933
9728
9025
9918
4643
3069
1469
1941
9225
2386
2607
1070
3286
8213
7862
3618
8928
2098
6556
4662
8488
9842
4184
9783
2521
8458
2382
4430
2793
2528
5137
4260
3625
6789
3833
2957
1177
2552
3131
2841
9994
6656
572
6424
3753
11
7975
1985
2377
1460
1949
8966
8495
397
4498
4496
3068
2764
7831
859
8748
5675
7885
445
8720
896
8537
5656
7539
2095
9975
5170
4537
5682
8439
6401
983
1991
7383
8655
8222
5380
57
8700
6216
938
6073
417
8873
8780
7411
5379
2350
5537
666
4269
4151
2895
7342
1569
9210
4491
429
5335
7630
7169
6586
1242
7896
2108
433
4143
6969
8922
8524
7166
1737
6157
7655
4630
9789
2431
4873
9720
4238
2579
7872
7835
972
669
8228
6401
3972
1051
7136
6700
6117
6646
163
5578
2542
6900
8316
181
4321
8110
1950
9242
9224
72
9223
1630
280
2315
2607
9086
6487
3025
3934
1734
7229
9780
6932
9230
4263
8997
4057
4484
2141
7091
4913
8811
4240
9435
4365
7074
5805
1962
5780
2235
9091
3130
1888
156
92
9253
7061
8002
1354
4933
3408
1214
1229
2772
6246
1452
5534
5594
5474
7187
2041
3038
8724
7186
412
8478
7418
2902
111
9425
6843
2879
7125
2502
9291
7373
1997
4367
1397
8785
4571
7638
8475
3951
8986
363
4688
1249
6458
3569
5798
2263
2391
9786
7670
9795
2920
2971
410
8016
4825
4427
6663
521
3163
6426
814
5498
3395
9480
9981
8872
2470
1657
5331
2509
7211
5918
3073
5112
4156
9066
8249
3942
8121
3549
2756
1002
3194
9318
4225
2453
6290
9804
4191
4335
3922
1784
4135
2897
7946
9139
1618
1726
705
3653
5393
8529
8637
7228
4929
8970
745
673
5369
3830
3779
4355
8054
2965
458
1983
7956
1946
7721
3490
542
1091
9643
4971
42
9973
8683
5230
7453
4336
9855
4022
7968
2559
607
6602
4817
9087
1533
8087
1867
9253
7113
752
2639
6466
7856
6127
2683
6099
468
2138
1249
6181
6091
3877
2551
8100
7851
1347
1097
2716
9734
5033
8930
9806
4406
8508
1423
9045
8619
4835
1558
3162
9570
6169
3525
3829
9463
7007
923
9002
9659
6498
9998
1480
2749
9289
165
8663
3925
2799
2120
6570
1150
8544
2756
6867
6692
847
3456
9538
6341
5452
6219
3154
1369
3154
8929
9922
1603
4161
9605
2650
9290
8841
1945
5910
6690
1863
8543
8155
4012
3354
4724
5934
6835
4663
661
8763
7053
4354
5789
4665
4107
8676
4326
1272
2053
6654
4226
324
3900
6654
2994
9091
4497
2336
6107
100
4217
991
9275
3057
1032
482
8693
4640
4359
9313
6159
7087
5387
4449
7414
8348
9367
1739
2899
7831
2727
8815
6205
2303
1317
4919
3030
5050
2811
9052
8952
7912
4566
8168
5440
4763
6727
1370
2660
5090
2686
5126
1951
7267
5524
2985
8055
3450
7298
7420
8214
9260
7095
5049
273
5854
7927
4629
9806
7810
3855
4369
4816
6050
7321
4426
2516
4689
9575
4485
1806
6000
7272
1212
7697
2919
5994
2098
9273
3038
8654
5682
8995
3359
4421
3701
3778
1514
3057
796
2655
9244
7341
5260
8209
1047
3924
1192
9587
7182
7516
2789
2383
3198
2012
9184
6691
1640
5515
3947
5081
3416
8213
5022
3264
1298
4559
513
506
2515
1080
9121
2450
7002
4168
5164
7393
2733
2538
5931
5859
3807
7183
9648
4783
4457
4593
6875
9710
7469
4744
5058
1623
3903
2989
2284
4686
2882
3171
2123
4680
285
7286
3312
173
6156
2078
8312
9980
1754
6137
9036
8222
4036
3788
1264
9724
484
404
9914
7194
6418
2488
5259
5117
9796
5066
447
3913
197
4275
411
4340
9098
4684
2808
2062
1803
2047
5126
1953
7473
2316
9800
5495
5849
9546
1700
5290
6861
3583
2049
5538
945
5783
3891
6309
5174
8262
2716
7207
7810
396
4313
9426
4132
1417
4347
548
5944
6088
8295
496
8412
3969
7623
4925
9960
5383
7183
6875
7589
3927
3580
8716
8636
7786
4407
23
9787
705
505
3228
1619
9361
2839
9456
1187
3307
7066
7084
6461
3172
5975
5885
3311
9940
5860
7149
7744
7506
3743
676
7660
8277
9219
9892
2268
847
6883
2075
5057
4385
2204
9973
9580
7832
6139
9686
3918
5394
467
3152
6609
5373
9033
5350
7946
8472
2191
4471
7884
4043
2743
4815
2111
3228
1827
7894
6121
5152
8406
3424
9314
5178
5416
410
7245
3578
886
1560
6117
1012
442
5323
9864
11
5411
8894
3455
8859
8922
2824
6470
6768
9062
1458
856
5452
129
3490
2278
9270
6076
801
7416
293
2775
353
3995
1502
2456
3507
4653
5181
3634
9341
2049
7784
612
2923
5823
10000
2122
7388
1190
2255
4959
9320
2493
5049
565
5735
5854
5721
2895
9468
6605
512
627
1292
9983
4419
9215
9687
8210
4915
9024
8616
4286
3830
5997
1351
2406
2322
7694
7930
969
1609
8207
9003
5529
853
9344
7834
9184
384
4334
3651
8225
352
4961
8893
8443
5284
8884
6584
250
2399
8236
6289
8277
5511
2512
5492
5197
1257
2786
2614
602
1082
2079
4571
5990
1821
5087
3679
8726
9931
5514
3084
5172
7904
4009
9623
1945
3024
1675
5705
636
6500
3671
5369
12
3918
2829
8117
4626
6296
7758
422
238
7617
5784
6115
7882
2830
948
6525
3763
3278
5757
1792
8228
4206
5728
4940
2444
1464
7325
8605
768
7605
9584
4724
9978
2759
8857
840
4294
5309
7910
3420
8105
2449
4841
9730
608
8738
104
7874
8300
2110
8929
9872
9255
3748
46
1209
4461
7681
7977
5487
2527
579
1277
6045
4199
5833
39
184
6957
8759
1309
834
6244
5831
6185
810
5648
960
2463
7880
2814
1702
2972
1717
261
5926
1315
3189
1348
4532
8282
1300
9360
6479
1411
1604
1596
2037
7061
1047
9384
1247
8909
9254
4753
6081
5331
3484
2838
8593
1817
6914
2933
8074
7536
4482
3964
4812
1927
7201
6824
1735
4404
9942
5462
8872
9517
2891
7774
6836
1767
7971
1409
7337
9590
367
3915
4269
1362
1380
8216
6424
3091
2585
8221
2779
7827
2797
1149
8396
7166
6487
9640
5721
6070
7088
5746
7513
8480
6581
1802
9667
8349
3155
9745
7002
8410
9245
9050
3969
6231
1501
1275
1574
6067
4869
7919
541
9140
7708
4106
4779
4402
5652
6665
7623
8419
5446
7802
8664
5767
9106
9410
5192
1606
1085
7105
4446
2932
487
5433
5331
6170
7890
3979
9368
709
9974
4840
4789
5141
6432
1460
1183
27
7011
3516
8874
4365
6807
9230
5850
2772
3166
4402
7713
2670
8352
6445
7339
700
2330
3134
6190
3460
6708
8275
8042
9111
5125
1425
106
8628
1917
3309
9281
3545
4637
441
2194
4134
6550
5892
2299
6014
6221
8894
7257
7634
7361
7085
4072
8312
6889
3907
2614
969
5690
8937
1045
1572
8597
7297
2125
7880
62
1300
5492
6836
9147
4345
9082
4725
5461
9314
7916
9001
7383
7369
6282
2959
255
525
1129
4061
7216
3249
3724
6563
3049
5456
6106
9016
3385
1466
5699
3895
9860
1578
8979
4613
5668
7813
6876
6909
2088
4333
777
7399
3894
4364
6574
541
414
2327
5556
6707
7948
19
3056
5540
2285
6858
2275
3368
2323
6941
3649
7651
6652
4103
6197
456
3619
4570
1856
2441
2829
3319
1463
8906
2632
9710
1060
69
4064
2453
5273
4205
9107
469
3610
4776
5187
1141
7660
6529
3234
5124
663
7379
6551
4324
5939
334
6884
6753
1461
5312
2802
2237
9569
8702
6279
2216
2554
3927
1802
1655
1139
8703
5127
5351
7784
4273
2388
6684
9203
8281
536
2449
1925
4571
2392
2714
1631
9855
3090
203
3695
9082
6582
1754
6780
6958
9586
8773
2959
2127
7309
7656
2294
3359
2756
4886
7547
2736
7871
9476
8538
6727
6754
5262
3850
9149
183
1144
5741
6745
3604
9997
1484
4059
9165
5278
8811
2943
8015
7647
9938
988
6183
2813
3896
6382
7384
2589
5881
2679
9409
7148
4332
1990
8463
2803
3231
6300
565
5633
8826
4625
5343
6815
8315
2176
5908
6314
87
7825
487
7746
3546
8409
9969
3058
2537
1360
6980
7049
902
9848
166
2356
5309
9048
3179
674
8985
719
8922
7651
6947
5638
6245
5615
5311
3840
4275
7889
8055
7805
4187
7004
677
9949
5274
2947
6802
6151
10
9801
1704
3113
6951
4497
6155
4760
7543
4566
7098
6003
7076
8803
1904
8455
6379
5616
4846
1554
2103
7909
2769
6455
5407
2730
2205
9537
6282
7781
291
1156
3360
874
4062
9147
4553
8139
5879
9943
1317
8894
8853
3606
9171
5442
2799
3448
1071
775
7267
7589
4826
7842
6509
3945
3777
9207
8533
4911
585
3678
8726
9171
3620
3633
8159
3817
6830
4092
2968
3865
7635
6743
5119
9474
1461
4469
3656
3822
2310
3477
5525
1234
606
6669
5899
437
1477
9032
4315
2720
3459
903
9103
1334
7852
7905
4619
3395
6367
8631
9359
2244
8582
6219
1038
9650
1213
4929
270
1587
3655
5608
8176
3633
6418
695
8215
4819
8701
5182
7051
6186
281
3354
1884
3956
4493
4067
9380
8311
7649
6769
3789
900
6167
3985
958
8005
5370
7812
2880
6936
474
5398
8250
8064
5422
3151
7193
8362
8934
5249
8084
3041
666
1817
8641
2881
8345
8175
4174
3348
7135
9177
3770
3609
3850
6449
8487
2940
6542
7457
9073
7806
3327
1688
6138
179
6056
9546
9362
6261
9094
7804
2849
6951
661
2417
3352
966
5471
5544
4607
2243
2329
7704
7345
6578
8726
3220
5800
2678
8925
7718
3531
331
7547
5354
3281
2356
5856
6339
9535
413
7579
3673
4937
7459
6399
1905
6599
2931
11
6517
4008
51
257
8164
6249
7439
8056
1992
548
8080
4523
321
4108
3611
3610
6227
21
5539
5282
5795
235
9112
9710
7783
1854
6453
7683
878
1350
646
142
4285
5609
2924
890
4935
5706
2740
4854
7955
6473
4804
8797
190
4119
2434
2062
6946
6905
3379
4368
5605
3633
1275
3608
7820
4049
4978
6897
5680
9978
6565
8700
5796
9108
159
7404
3890
3502
2555
6545
6722
9379
5533
4740
7792
8955
1478
7029
504
1855
7580
533
4836
4411
8357
8465
7779
4828
1499
3825
8269
9884
2696
4760
9779
3639
5355
7938
918
6590
4998
8410
2405
9935
7562
5603
8808
7706
3239
5247
1782
9658
4989
5713
8011
6068
3803
6844
9810
3568
8603
5949
9294
5910
1184
4923
1810
2660
1063
4326
4060
8165
6646
6098
9194
4858
9524
1282
7727
9225
1769
4971
8695
8105
4810
6945
9954
6386
6882
8804
9597
5976
9027
7427
3462
5132
2223
734
102
5478
2054
4420
5164
546
4688
3786
8867
2454
7472
5479
5942
3834
3322
5790
3796
5158
8291
430
390
116
1989
2538
5748
7201
511
7427
1244
5249
6792
7446
9086
4032
217
8369
5439
5922
53
4182
4838
8966
9572
7438
2677
1377
398
4509
5625
6753
6394
9401
2837
9213
5555
2710
4255
5820
3031
7847
6412
7479
3232
9118
7973
2636
8127
3624
1128
5154
1377
9075
954
1666
9860
5313
4062
8607
5791
86
6097
1305
1404
8253
4170
188
539
2445
6296
8411
2115
6609
2860
3200
9564
3746
4068
7871
1671
4073
9656
4596
9459
2510
1643
9461
7831
1336
5721
9768
6824
535
2908
3378
4476
819
9663
4957
3179
3000
3633
8081
9430
732
5382
8939
9325
3182
7545
6301
4975
9181
328
915
1531
8323
6329
6573
1899
5164
5243
683
7124
7795
6785
6799
2560
6603
1346
6165
5571
8676
9997
3617
1539
2831
5571
6103
418
3865
4114
1878
2288
5494
7134
6252
559
8045
185
4133
8537
9546
9061
2628
3818
9447
8363
9431
8532
2212
4769
5528
329
6786
2707
7249
8035
8312
3959
9520
6755
5480
5140
4219
2879
4955
9253
8823
6339
1271
2409
5345
1528
388
2743
3518
1013
3190
4578
5082
9481
3521
7672
7083
39
2336
9077
1982
7320
5849
8716
8609
9778
5963
7107
7276
3751
568
3586
3476
8787
4866
9425
8557
9666
3321
3873
2862
5556
6061
5476
8035
4284
3447
1588
8418
5229
5548
4784
9986
2008
8578
4399
354
8027
4266
2601
2892
4807
5534
7866
3631
1800
4942
2371
6457
4779
2185
9270
1259
8839
2995
52
1311
8497
9160
4559
7482
1775
1636
1653
1784
9796
2224
9984
240
3809
5032
3880
5077
9608
1661
718
2807
6897
1700
4951
2525
1278
4324
8009
6503
5448
6515
5559
2984
5640
3034
6304
9019
1490
8054
6416
631
7415
1850
9281
6213
3538
333
173
6519
7353
1634
1604
9994
1383
3101
411
1039
3791
9479
1913
5981
8971
5567
3911
6992
9267
7878
6247
1870
3559
747
6200
7042
640
1396
3570
866
7561
1891
4057
104
1497
5687
131
2505
9038
1806
3665
7939
982
9511
6307
6238
432
9503
2520
545
2836
4411
1731
1509
5089
4372
3424
4979
1319
8462
64
7868
547
143
5166
3886
3737
3816
8633
384
220
350
3378
3442
117
634
1901
1065
9039
8988
3541
7058
766
949
7790
794
8364
9188
9759
5020
3240
8735
4331
5998
9203
6216
9667
4333
4671
5568
9571
4273
5845
1709
9128
3968
2202
1542
5991
5280
399
3189
3920
4834
6850
8732
8850
8386
2228
7635
6392
4893
8835
5402
6362
7503
6408
195
8045
8502
3354
2219
8845
7630
2235
3197
8316
76
5709
4866
5322
2187
8798
452
6455
2941
1644
8528
9592
718
7946
5441
3081
2237
3970
3123
4277
2256
7998
1058
6894
2280
989
3768
8239
8109
8263
153
1910
83
9939
3751
934
8557
8954
9912
6877
1578
100
3004
8528
8963
5187
2608
4792
145
8793
9236
9317
9571
5883
9598
1530
5792
1658
9203
2366
2046
6890
9212
4038
7336
9719
9823
7369
1038
6519
1678
4837
339
4838
784
4441
2047
4032
828
1622
9196
2050
166
3503
3432
8051
4726
7611
9373
483
3285
35
4713
9784
7496
1476
4901
1424
2126
6981
7502
6066
5340
331
6654
1025
8999
402
7711
973
6370
4737
7646
9278
1994
1824
3076
2627
6363
201
8619
4085
9018
8706
334
7292
1191
8190
6189
8615
586
2431
587
9336
7056
3003
4242
4894
7487
8257
8893
653
3816
681
6291
8297
81
9244
5847
9187
337
9641
4910
5394
7314
5864
4955
6532
5849
6239
7590
4110
3977
4938
6978
6131
6808
7417
7711
9566
7068
776
2541
7902
1663
319
7956
396
4870
2135
2557
2377
2243
4161
1660
4293
4427
7267
6594
9734
6419
5046
5871
2535
4726
3473
5048
9580
8344
8410
2874
2032
3264
2823
8469
2704
9181
8938
5293
7785
2871
8393
7983
7738
1539
2096
7250
264
1794
9306
394
3059
2932
1574
5048
9523
2557
1750
2162
9627
9963
2214
1408
2753
6763
2089
626
2243
2480
1253
5517
5728
8591
1248
1306
477
9674
1222
8504
2548
7091
8290
5276
5895
6630
2943
5696
9558
8788
1008
8538
3627
1885
9738
140
7037
7833
1874
5158
711
9307
6277
4180
7905
4364
6742
1219
4837
8469
4444
7460
9847
3622
3539
2593
9899
3457
293
2443
2440
8946
5382
6070
6391
3387
2135
6356
3223
9077
3835
3199
9280
2200
6852
3108
9442
8160
4015
1820
4931
5215
540
5653
808
803
2403
2203
8438
9456
6933
1615
4515
1590
2708
1668
9626
7477
9360
9346
2367
9535
6934
6875
6151
95
411
2394
1766
4823
6101
9401
6451
2646
1796
366
8918
3260
3378
8599
3070
7680
7809
4202
8261
4334
6404
5012
7874
5484
2014
4124
671
1617
8739
92
9090
6171
6907
5314
8987
3853
6933
6926
1986
9489
1599
1961
9159
2256
8267
7326
907
9891
3339
3775
671
6160
1092
9736
8124
6903
8933
6839
3123
1771
7009
1672
3770
6835
6753
6332
7113
1695
3725
3282
4737
9319
2207
9801
2130
5894
8471
5341
6127
2485
1153
3127
7145
1715
9918
7352
2215
1790
2625
5718
768
8042
1697
4195
3320
656
2605
4601
6087
51
2636
6636
616
5561
2324
9802
217
3709
5131
6845
1424
6854
2339
6415
751
3809
4701
2337
8425
2082
2389
1496
982
7066
956
8700
8391
1014
8394
92
2320
8856
8158
3264
7994
1347
8693
2678
359
1981
8263
821
1793
7203
9728
37
9061
4572
4202
6923
1717
4806
6289
4533
958
4794
1894
8584
8095
2651
5531
5019
8867
3413
4254
7234
4474
6862
6491
3101
8887
4387
2146
6507
2506
4939
9478
3805
4433
1987
7790
6874
8367
2582
8802
1601
9435
1585
3411
317
1994
1415
9537
9256
9339
1124
6298
3260
4898
2430
6202
5782
9448
8519
978
5654
5401
6728
4520
8744
638
4655
8639
5361
2742
1884
8321
7671
1698
8933
5430
1213
8316
6611
8248
8246
4255
787
2556
9651
8854
1438
865
9918
2649
3611
184
681
5377
2367
9833
4444
8233
3386
9204
4467
5219
5886
4665
5551
6365
2074
9529
251
8303
8207
8323
3430
5142
8390
5102
7827
4421
9785
2887
5792
5257
6349
1087
2679
2865
6150
6359
9209
2140
9492
9011
6446
8962
9948
9429
7031
3337
2345
8101
1072
4654
8701
9722
6192
8362
4088
5805
208
2754
9803
9234
7200
2979
3903
3650
7407
7813
3291
2328
2282
8480
8630
4298
4780
1582
8483
6399
8763
7398
6427
3773
3142
1251
322
6889
8470
858
6458
2278
8185
9511
7177
4600
5881
8029
5639
8200
6920
5952
7078
7473
4682
2187
6393
4119
2465
7194
340
1065
6328
7412
7787
2343
9755
5811
8830
8966
4014
6577
4380
7237
6461
4189
1449
4867
7332
5224
5496
9402
7904
8098
1611
3139
7950
614
9189
2564
9829
1029
1245
1689
8625
3585
2228
5512
9029
7675
5728
3442
1198
7048
9898
335
6389
9052
910
7348
8796
2481
2282
1343
399
8047
363
8557
99
4531
9588
311
7680
6577
7880
1792
9382
420
7822
2464
7596
2662
9377
7746
5633
6875
4222
2508
7845
3309
2272
1238
8460
5439
6744
5055
9391
167
630
2984
1757
2038
3971
2642
1982
5973
3825
663
4243
9209
1888
5935
2015
7477
1031
6327
9985
3633
5225
7596
2501
4766
2917
1061
1970
5402
5965
7152
599
1824
4793
9466
1162
9628
8360
4282
9917
9379
2664
7789
5982
5140
5616
7260
4662
7157
6071
6850
808
9310
4274
6122
1318
9888
7733
1845
5946
5103
8066
3314
6285
7228
5925
5232
8087
6763
124
8503
5223
2066
2024
1724
6675
1645
8321
8225
8177
2809
3991
6443
8252
3443
6298
9347
8270
8740
2143
7546
35
2241
9392
1489
5718
3066
4731
563
6918
2444
7930
4881
2590
7073
7554
4640
6579
6227
882
7679
2557
2788
4531
8483
5441
2897
26
1492
8135
3232
297
2247
120
6719
9041
3303
282
7245
9773
118
7162
8023
8061
8947
4723
9440
9361
93
2297
4791
8533
1106
4353
6731
4221
2009
9901
3396
5568
6866
559
9052
2484
1387
8601
5498
1699
7658
7790
4364
193
7733
5420
4324
8297
6412
7196
2837
2117
4395
575
6267
9015
1407
7441
9835
9993
9983
7050
4858
7185
4032
8430
8617
1103
1317
518
3694
8349
3732
9209
6310
8951
6583
9010
5171
2151
3225
7163
2549
8488
1735
1279
5083
8237
9711
3987
8387
190
4683
7404
8645
8982
1437
725
2391
7754
7865
5872
5156
1058
4919
161
867
2285
769
7441
7500
2073
9971
5134
1807
1755
1951
4061
1396
1827
6105
9531
4297
7143
3715
6978
1777
3149
8584
8675
2072
2044
3171
8151
1356
4504
2244
3329
3689
5479
9019
5339
5190
5291
1489
1409
5217
724
3429
1817
8931
5491
9927
3810
5384
3643
3943
13
8883
8445
9749
7307
938
4705
4642
8958
3378
7987
6841
6773
15
8024
9737
2179
6043
2791
7688
1456
2233
3204
2867
696
6840
7638
2228
2299
8164
3540
7428
5560
7317
7650
8253
7593
5783
3995
1366
3099
5081
1712
5223
1941
1545
7754
7810
4152
1175
2192
1488
96
1845
713
8301
7263
1923
9363
7831
5995
1765
1282
4718
4955
2549
62
3244
6980
1971
2395
6322
3856
5190
2756
5187
3599
7145
3128
323
5678
2591
5223
4410
7514
4745
4119
1510
9135
9606
4644
745
8797
3203
4982
2664
8329
4643
8130
9393
7847
6900
8508
2722
6136
6428
6233
3679
3313
7716
6033
6167
3567
9326
4579
8096
4366
7375
1997
306
1831
9355
3313
7223
5505
9190
1854
7662
5707
5497
5671
740
2625
3144
4201
6664
3785
8182
5919
7462
5330
7384
1084
5476
2117
3688
7389
2088
2513
7504
3986
9732
8212
7384
7219
813
2286
9818
7387
9080
2750
9834
2302
1460
2399
4497
1019
4578
1496
1731
9251
5896
6479
8462
9854
4411
7497
8300
7591
2035
8844
5936
1928
1588
7126
3538
8213
2689
1173
460
8913
361
5783
4121
7767
8744
9585
1933
5830
9475
5935
5206
351
7227
1421
5537
3510
8916
8978
7788
3073
5471
5452
1963
9338
655
8604
9963
785
2297
924
9100
3481
2634
3100
7348
2685
617
9126
5871
9282
7020
6110
1271
3243
1692
2277
4694
2457
8658
2573
8369
2058
4042
8418
4396
4564
8880
1985
1514
5232
8213
6145
5875
7633
7998
4355
86
5164
2901
9820
2226
3724
1159
1564
5797
6830
2090
2391
7084
5540
3500
6736
8614
5778
2328
4286
5190
1884
3863
3045
7702
5986
9285
4210
4356
2272
5427
8439
2607
9552
5788
1178
1774
6458
5939
5286
6384
6244
1672
6214
1926
3716
9656
8641
5626
6452
9152
1141
767
5814
4506
8169
4382
902
2475
6802
6533
6167
5353
2926
64
4678
3546
5562
9458
9413
6379
3000
6426
1538
415
2093
7090
5660
956
3639
5815
9861
8819
6019
4487
8003
7831
8681
7952
6196
4449
9315
3166
8494
9611
148
3407
9220
8461
6938
9719
3134
7284
9814
6219
2561
6442
1796
5473
6191
3317
740
5559
3396
1242
5038
4451
9084
6005
9582
6751
5160
6706
4668
5671
7881
2899
6361
5097
7649
6015
5940
7440
45
8699
748
9633
3335
1265
8602
9225
7929
1382
6857
9958
5197
7468
9846
8056
9298
9009
6121
6710
4392
9604
9347
4840
6114
9875
4723
9873
2446
2083
476
2847
3677
3167
444
9829
3127
4628
1311
8072
5944
9189
1747
9969
5306
2461
1447
7105
807
8958
4943
4222
7464
7063
6541
168
9469
6208
9230
2685
2962
9316
129
6031
3305
1544
1627
3109
344
7293
1759
4911
4697
6080
2530
8866
9307
6861
268
2412
4232
752
4846
9648
9898
1166
6564
5171
7652
8655
6125
1686
4523
2616
9735
3501
5248
9494
6436
8821
4782
6409
3073
6930
4522
2293
5589
737
7779
8958
587
5176
5380
6899
3169
6614
2507
4674
2128
1248
6191
6760
8276
7547
2975
783
2797
1157
8367
451
6921
2646
3499
7158
1127
56
4819
6927
5112
3499
194
5427
5597
9535
2831
4916
4699
5070
9661
1802
2494
3996
2960
23
6066
8587
7215
8999
7743
8091
7352
5605
5108
859
5419
5413
3172
8910
6529
8564
2733
5120
3172
6189
6187
9881
9588
7791
4926
5985
9510
4807
960
2494
7305
7545
2796
4381
5224
1246
2613
7061
3208
7336
1871
5207
1503
2139
7513
9040
8764
8431
2362
337
9924
427
7184
32
623
3093
4060
3778
9572
4507
1700
8401
1481
214
1176
1333
5150
5054
6045
5053
1939
5591
4750
6711
632
14
9035
3327
9586
4254
3727
905
5229
2408
9574
1655
5804
2818
3328
8389
1612
4989
6995
86
9438
7506
7860
2774
1510
3135
1123
2229
1732
6989
509
6902
3349
7998
1680
3944
1471
7892
9127
8126
5743
2757
2890
4354
9272
5263
1936
7576
2794
5534
8688
1298
391
5672
5112
5779
3499
440
3146
5298
7651
7647
2980
7916
5862
7067
1039
8736
4353
8477
4410
5931
5267
2442
6591
5623
5467
8984
3934
3748
8377
1226
4426
9312
8295
8237
1396
1888
3440
9580
6050
1925
7525
2939
6350
6778
2212
3405
6943
7944
7255
9740
5015
4292
4128
5949
4884
5694
375
3763
2339
8436
9174
5798
1659
1419
6539
7234
5753
3939
1884
3663
4014
5912
8586
1178
2686
541
7123
1650
903
9837
1807
4753
1686
6715
1688
1483
7538
5740
5566
3255
8157
7926
3629
5052
588
9388
3683
4416
2894
8763
848
2058
2353
6029
8761
1944
7639
458
6729
356
2800
4075
3677
2483
2118
5868
4623
1139
4383
5053
7491
7566
204
5393
5915
6946
556
327
3593
101
7771
1779
8314
2405
3636
229
3521
9191
2324
4092
8083
644
1604
3119
1545
5210
7709
5049
5476
7350
4408
5728
9074
5527
2164
2215
617
8859
3024
4037
833
8946
5788
5739
8942
7846
5465
3411
6552
8076
4351
3047
9408
6157
3769
6672
5889
3311
755
3019
7850
3009
9921
969
2899
1416
5440
2611
2320
9819
1456
4653
6994
2454
8849
9510
8217
2394
4047
8758
9568
4231
4706
7705
6722
5135
7817
1261
8038
9046
7324
3716
1065
4672
13
8635
6263
4032
755
3324
1677
641
9129
7340
5842
7842
163
7914
5714
7201
7910
9341
6708
4115
2912
1607
8719
8002
9681
687
2229
4206
6069
5848
301
794
5575
2252
8106
4114
6571
1078
6239
4254
6995
5978
8873
8503
8362
6024
8781
7221
706
7975
2077
7373
1626
6806
1063
9189
6491
8124
4355
3279
7562
2857
4951
9442
5568
8841
7963
3073
1175
8246
6278
4548
501
2823
5911
4135
7618
3838
4438
5485
6479
7574
1744
5296
281
7264
7339
1102
9687
9833
4748
8755
9981
7789
6266
6683
3726
3779
6634
1589
7580
8630
6516
7180
5305
1119
502
106
3571
2497
6496
2287
3981
1280
4760
7370
5324
9873
425
2498
7868
9886
254
6672
967
8569
3655
2856
6936
2492
9325
6324
5641
2584
2171
4442
3845
4398
2997
7782
7103
8003
5931
7429
5732
2050
523
509
4254
6763
6294
4695
590
1991
4891
8254
8781
2917
1930
5138
1533
9916
3570
1758
9944
447
6580
3799
9032
9869
6931
695
1812
1159
2407
9683
85
6747
1475
6854
869
6892
5988
9884
3746
3493
9491
9731
7345
5131
999
9224
1172
2511
5884
5005
8878
3980
4304
9594
5025
6099
5098
2400
4951
6668
6623
793
7023
1822
8025
5496
8630
4247
9872
3971
9114
2397
7794
208
9495
5706
8900
1638
5029
6117
7061
4135
9214
338
7517
3208
5956
5613
7798
7069
5209
6418
6202
3866
4391
9507
8805
6627
3717
6312
4411
495
9493
5418
1731
2214
5176
2447
6229
8177
5862
1065
2380
6116
142
7327
5442
7732
1137
1915
191
9555
9327
3566
4133
5249
6648
8355
9482
2843
4979
2609
6271
8849
6004
2984
9647
973
5302
3329
5021
6198
4428
1933
5552
1999
6097
5164
6843
8734
1666
2066
1196
7434
6951
8535
3794
3977
4198
5467
9880
2403
5920
8043
5965
2808
1903
8764
1349
4722
96
2957
5654
4109
4347
5418
9823
3762
1716
4655
4761
2927
5902
8593
1595
9179
7801
8778
6617
6237
3960
307
8597
4994
3747
9209
3881
6077
1591
9570
5709
6348
2413
3864
7674
9316
3772
1474
4857
4073
3895
5234
9355
6153
5765
2438
5812
7926
3266
7157
5320
3146
7268
2385
1394
442
2009
8763
8231
880
7970
9948
4129
967
6784
7456
9309
2569
9478
4723
8404
8371
8169
3816
2692
5107
7709
9063
1072
947
3648
3504
95
6009
2446
1462
4400
6336
1328
6650
1890
6208
1519
1720
8523
8033
3305
7940
5393
5670
8235
3181
6107
1415
2169
2646
403
7798
6665
9954
5462
837
8091
2906
6609
3662
8909
5461
5329
4126
7715
5463
8161
2299
9407
5315
664
9056
4128
2394
3061
223
7054
2976
1373
141
2350
6990
3908
8007
9646
1684
2740
1651
9816
8674
616
1450
9216
434
2711
8668
7405
9670
8015
1600
9384
916
1252
5836
4858
7966
9092
9071
5367
4305
5578
287
2520
6473
4428
6916
7960
3957
5852
8903
6919
6013
4374
9545
3502
6945
8522
2921
3573
4721
8864
3061
813
896
6106
6565
866
8230
3057
3686
2051
4908
3469
4448
6877
847
4242
7580
9380
3260
1679
9561
1256
1572
1060
7112
3139
9637
4795
2252
7169
4515
7726
7194
3354
8226
8263
572
3444
1272
3826
6633
5314
5203
6916
4257
6466
20
1064
3256
5779
2643
887
5034
6186
5603
9742
4931
4890
9348
951
9548
349
8327
9916
679
5479
8092
1493
7085
2893
7663
1216
7301
5578
2710
2863
1991
1103
1851
9915
49
3068
8070
9079
9520
9384
5437
5231
495
7115
9576
1017
4678
6005
4330
8212
2647
3066
5021
7022
5300
1928
1806
1649
1448
4340
558
6575
3412
7100
7811
7849
983
2148
7625
1565
9732
3937
2009
8384
5456
6814
5735
474
8246
4315
886
9115
1421
9804
7755
9609
1515
4614
2694
2390
1202
9462
9370
8564
8379
4515
3823
7196
9241
3389
6868
5469
5614
4816
2127
5559
9501
1224
5815
5968
8549
1194
8097
7200
4833
3172
3391
2709
5789
5702
1426
7796
6633
6480
226
8560
2725
9811
934
6711
4241
8183
6523
5685
6052
1250
6329
7289
9302
2727
8690
9143
3411
7000
7126
6799
6800
7755
1869
1934
3165
8393
594
2905
7602
7039
8279
4391
7027
5095
2273
3500
1317
8080
1031
6138
4487
688
769
643
1556
671
8279
1204
4730
7731
1221
6287
1730
6374
98
3284
9282
114
5432
848
7776
8868
7675
9074
734
10
7442
2250
3800
4450
948
5518
6107
8675
6727
9569
2924
7397
3084
6762
3231
9600
2796
2808
4364
5015
8155
2860
6788
8707
8224
5662
1676
2289
4631
4752
3749
1504
8160
3360
3907
4114
7150
8227
3014
1377
3322
3735
4763
5164
2814
1054
6663
3312
1705
1487
8728
8961
7037
9314
3018
1788
3628
8397
3802
7025
7838
5335
8650
7827
206
880
1133
7053
9226
278
6775
8296
1608
5905
8846
2731
8199
5588
6594
7276
8839
167
910
4218
5293
3982
3113
3925
187
2568
2761
159
4237
4175
7903
800
7143
6355
6488
495
2737
9972
2516
374
6527
977
4671
8399
6786
1650
8308
5369
4643
2091
1777
3468
5268
721
1400
467
6997
2820
3100
7865
6991
2873
4162
3820
9999
1342
9277
7991
9904
9354
8317
2792
7677
3724
3713
9181
2492
6522
1461
6154
6427
8996
3784
9939
5043
5999
3855
6235
4645
6000
6296
6952
5588
1077
9488
9753
4210
9625
2159
1567
5300
5389
8437
9711
7728
4424
3936
6640
7704
4876
9661
6395
2329
1199
5834
3909
3475
1578
5076
640
5659
6135
6009
1173
6468
154
1903
3157
628
9521
3844
6458
5642
9567
5498
3475
2553
5247
2827
733
8275
6741
132
7026
3459
9148
6080
1457
456
1582
8624
2505
9802
8537
7850
1698
2579
3244
7230
4037
746
1795
6394
7384
4770
1924
1010
2575
3025
1890
2996
3745
2187
8467
9588
7033
7915
8265
3930
5350
1804
817
6709
8347
6053
8891
4057
2407
8839
3695
9586
778
3951
2510
774
6678
3384
563
5273
8576
9786
6709
2480
1159
7957
6058
9208
6870
6516
5408
7585
2088
7540
450
7714
2392
4807
1096
7251
9602
6073
5258
6581
4964
5522
573
9654
9086
2104
4196
1616
8805
5101
3980
6864
1124
8367
1868
467
9298
8699
5857
1642
1133
547
8531
4774
6627
4097
6929
395
6422
1169
4572
2758
9667
2732
6600
3839
3849
7116
2674
5437
5415
3755
9742
104
7077
5512
7050
4887
2407
302
9795
4325
7402
9896
7675
3643
5821
3168
1620
5856
6107
5736
3323
8260
1751
7187
1079
2722
649
2076
6915
7280
9132
4429
5630
9033
5412
2192
7866
4288
5550
1935
4229
1122
2631
675
163
5610
516
4481
5008
6253
6127
5713
5247
8977
8300
2102
9495
5901
9230
7699
4361
8397
8124
3037
960
4759
8325
1028
8568
3003
8014
6092
7834
7197
9067
1371
4736
8482
2036
4613
2826
7098
6249
1606
5821
3167
1577
8986
1891
5984
5557
358
4465
9179
2289
1818
5059
9035
9194
4886
9938
4862
362
133
6357
2872
308
911
4906
2926
3564
1143
323
4364
2917
3397
1035
3219
5430
2141
3929
8388
8322
3617
1971
6764
8365
1221
3827
6999
6912
6020
5489
5949
3444
2501
1629
7061
6621
1551
6067
1499
9805
9565
5201
2689
149
2947
2043
191
9269
1350
6786
7063
2813
7303
3933
7287
8633
4526
7668
4362
9013
224
6990
6933
8599
1497
7138
1980
4039
2657
4512
4096
3935
5135
798
2713
529
9360
4764
9030
5557
2789
5990
571
7774
6177
4234
7549
3268
3756
4943
6052
7995
2641
4754
2996
6565
1358
5308
1404
10
9318
7204
6127
3968
5994
3281
3180
6999
7299
4235
6412
436
9002
5344
7160
8839
6938
66
1245
8649
6490
4550
3302
9766
4197
8299
8890
5593
3248
7021
4398
1320
5867
7239
2496
4887
3207
5081
364
333
5313
8866
6690
2908
7557
1532
2187
5254
3524
1635
4347
9114
7355
678
2670
8909
2502
2808
8340
7443
6290
4288
9559
1684
784
8665
8643
6816
56
2270
8924
493
7753
1329
9082
2857
8570
4151
6120
1395
3671
4396
2216
9125
9792
5404
2899
2746
3552
1246
8597
6653
2118
3426
568
1675
1543
3560
2206
9274
2036
8173
7694
3008
4064
1363
6539
7312
4400
4067
7727
2789
5551
3959
1103
3030
9699
9582
2942
61
4829
799
7222
6650
7069
5142
8793
9738
3146
3816
4930
948
8167
7911
3897
7155
9311
8027
1224
504
6338
1852
3523
7088
8422
3886
5381
9462
3719
1938
4323
6449
9251
8021
4080
3876
7024
1004
8931
5543
3650
5576
868
1602
8119
6651
9396
4540
4502
2504
5370
1740
4083
8732
3072
2366
659
4239
6780
6252
9798
7854
2290
349
8223
7629
3178
9002
3149
953
3106
3997
2890
5440
9579
7090
6104
1634
2566
4773
6504
2324
6683
8485
1608
9997
398
7295
3770
8344
7855
9861
100
6891
9394
506
9153
6479
7384
6959
1125
2765
113
8218
895
812
8414
716
8061
9743
7721
8264
3935
2857
9714
4805
9895
9993
5868
7885
5949
6628
902
3427
5293
2254
9013
1939
4059
3911
9611
4073
6661
1574
2387
598
4941
6058
2301
3527
529
5200
711
5319
9998
6335
9854
9563
2267
3466
3167
1451
4952
5723
8400
1335
5869
3389
7787
4472
3116
2955
9320
5638
6657
4141
9
7337
6639
9311
538
466
9990
4597
6035
4742
5451
4559
107
6432
4697
6673
254
1029
9069
3148
5458
1161
469
9464
4329
2886
820
6260
5981
2911
4805
3279
4974
3383
1582
6333
2659
7806
4438
4961
8918
818
1712
246
2716
5024
430
5647
3167
5988
281
6606
5518
1310
5111
4727
1062
7434
3352
7508
4715
8152
6634
8593
4051
1106
3971
5166
2558
7625
9160
4913
4027
5528
3042
1637
7729
5197
926
8216
4908
7349
4457
8427
1948
6978
8752
8089
4468
5944
9131
6987
8692
6388
4449
1122
3686
464
3824
2976
1647
9384
8622
276
2127
2609
8157
4194
7291
5384
1131
4978
8947
4875
7447
8355
1303
311
541
7351
1030
7236
6947
4726
7954
7353
1204
4967
7207
1421
1936
6169
4290
1486
1841
6632
4551
7849
2594
6487
1367
6449
2779
1874
6590
3744
683
9387
6050
2949
2712
9408
2003
5941
3186
5006
2786
9257
8665
6226
6954
2542
502
7712
6147
3168
7262
4318
3236
5419
9907
8733
7585
745
2937
7409
4430
738
7650
4395
4455
9073
2199
5773
7709
6660
8332
9694
3944
8825
9711
4372
2803
5141
6985
2570
2588
2444
3396
6840
5294
5367
4259
4918
6349
7488
886
5664
3120
4571
9337
5904
9478
1523
453
917
7284
7080
7881
9920
4535
1102
8490
7237
993
5159
1269
8107
5169
7687
1225
5203
9420
3839
1922
4930
4846
6280
8688
9869
5855
2526
8681
1346
5596
9687
6800
2060
7644
8089
5404
1848
8212
8410
9195
4105
3364
4103
7470
1804
3603
7389
8814
479
5622
199
2688
9437
5368
5860
7287
6529
5633
5887
5195
3105
4920
3586
445
7633
7517
6953
1568
6303
8656
4501
6312
6726
5859
4712
8967
4923
1841
8289
6652
3063
6516
1656
5167
7430
7896
1464
1183
1334
5506
8436
8170
4481
947
1332
4813
1096
7711
8270
1479
1653
3603
7048
9770
1973
2487
109
4617
3001
9064
1697
528
1686
3624
5766
4152
3258
602
1353
9690
3604
4482
2676
5596
7569
3407
4733
5889
1875
5584
9747
7645
8592
681
5190
8390
9958
8219
6318
7536
6055
186
7178
1961
9250
8530
9525
196
572
5504
682
4645
6460
4229
8170
1560
7243
4667
3680
9116
1934
6959
40
130
7173
7352
5152
1548
298
1679
6584
396
8322
258
3812
5292
6257
1519
7773
8029
4972
7110
262
8668
5421
7980
8952
8104
4158
7087
189
8452
4039
915
1585
1913
6784
7282
6221
9084
1292
8810
8716
1557
4038
5835
7689
6357
6379
7586
4490
8810
768
6177
9455
6856
7863
394
9734
4291
1664
7537
8448
626
3689
5014
5011
5460
8096
1484
4630
9179
3194
8597
6422
3176
7565
9222
8200
6037
2098
1502
9197
2409
90
5354
2554
2327
1894
2602
5251
2658
9821
1293
9420
4535
8964
8781
1527
5542
2926
815
8350
4563
7711
550
1903
3981
9203
964
8770
4701
3602
6348
295
735
666
4725
285
3691
2002
9482
3890
6976
5513
5996
408
4415
493
5144
8163
3035
819
9203
1071
8925
7719
442
2298
6569
3441
8411
6385
5930
5342
1806
2345
9528
1151
3820
4119
5489
2930
881
839
5151
4815
1255
1942
2105
9383
2917
6436
5936
3929
3968
7080
6416
3380
4959
33
3282
8740
9548
9319
5512
9543
8205
4518
5511
9980
5992
5573
6340
9362
2528
9553
7040
1170
6623
1752
727
3982
3418
3961
6764
540
6438
729
4223
3650
2953
8766
2232
1947
4895
177
401
7393
3380
4903
7433
7211
8249
3544
9346
3968
8250
1451
6332
9111
6857
4420
4962
8498
9363
149
5302
6989
4379
2172
9411
637
9600
7066
5160
4455
3722
2428
9982
4970
7315
7213
7956
190
2880
2679
7752
798
133
5116
6494
3361
4732
8161
7364
3587
3369
9108
7807
6745
6325
6074
9115
9331
9177
7742
438
1656
3738
9524
5243
2406
402
4448
9881
2999
2546
8818
708
2257
117
9026
6067
955
1222
2878
8215
2223
3249
8937
2930
1778
5029
8352
3917
4532
1770
3800
415
9842
961
4627
8997
2927
8120
1586
9822
315
6686
6982
6722
3946
1162
3949
3173
3994
1815
6710
4491
812
5672
2381
3064
3988
2083
9298
8186
5655
7944
2269
1857
1541
9263
1418
8477
9829
6074
8552
7372
6260
2206
3755
9892
8100
5193
3333
5524
9678
1776
2400
5588
3651
3514
4934
761
3786
8548
8957
400
9050
1029
2522
486
8483
7424
9461
6262
29
1050
9463
7998
4051
9478
9992
9816
2667
3155
1841
6136
1557
3177
3162
5905
3270
8349
1372
9794
1629
1356
3466
5481
7641
8485
8712
869
3511
8745
9495
6842
2953
7470
5679
7821
2725
6586
1811
281
3187
5554
5630
3750
2283
8816
443
7286
3517
3651
739
8267
2229
6203
8891
9215
9485
8829
6095
2735
4942
7923
4095
1243
5167
7585
4621
9038
1835
1845
1356
7372
8759
1178
3053
889
5197
656
2702
408
324
4825
9861
819
5136
6356
453
7468
47
5225
8932
4979
5636
7424
6716
1135
1508
217
83
8495
2411
9121
9750
8274
7429
1312
4788
4880
5811
7168
9795
9684
382
9187
1832
9420
2374
116
6157
5495
2037
9382
5754
3221
6798
501
9209
6840
1395
4772
2881
6823
1358
5643
8602
8081
8678
5829
7275
3789
9944
1454
7582
7802
2546
7686
3879
9862
5317
20
8702
2062
6350
2879
1023
91
7513
4384
6327
1246
3141
1808
6374
5816
2578
5251
1255
3818
209
5478
7458
3658
6167
9507
894
8868
9982
3296
2274
6465
7869
4048
7910
6790
4164
4968
1639
7005
8254
4065
5061
2759
5882
9307
7985
6023
5078
7614
9141
8914
679
7346
7325
6942
7562
2280
5961
863
242
2645
122
1388
4648
6620
2713
7445
8596
6468
2953
6216
576
7254
1118
4821
7338
8966
2227
4220
2071
4613
5209
58
8041
5478
3600
9936
9624
9191
6283
2916
6908
2325
5607
6445
8245
7903
2427
4357
1256
7779
6343
8982
3125
3238
6153
1717
5301
6184
7105
3739
8063
3442
7650
9421
2499
9795
4710
2446
7713
2905
9056
8507
3007
1692
7997
3326
7823
9900
7767
1222
1857
9141
493
3111
3215
901
8350
81
2592
5454
3523
9401
7780
1276
4405
2682
7605
4956
398
809
1805
2449
9082
1255
7044
7644
6851
4929
8861
5553
4044
2790
9075
3999
7617
1802
1182
9285
538
5130
5618
2393
5483
6354
5769
2904
7185
5324
7271
3675
3303
5071
9036
4578
9051
4145
6984
9496
5889
9438
9022
5174
315
4375
7316
9376
4126
5359
780
4166
6690
9849
9752
3958
4951
3240
6890
3909
8709
1891
1626
6854
7550
2096
6156
1313
2456
2120
598
2578
8880
2669
8236
6135
7454
98
2859
8578
2629
5714
8975
6992
8863
8134
7341
8683
7492
714
3438
9761
5915
5348
9373
2184
4779
3042
1226
5458
8067
6441
3021
8403
7192
3022
4094
653
5355
1883
8726
4519
5172
6867
5788
375
3536
908
4065
384
2040
1637
7656
2856
4357
7580
4019
771
1573
4747
6618
1727
401
1895
625
7813
4153
1330
6496
7867
368
5222
6390
9369
1402
9710
5133
7418
2657
1614
8478
1381
1788
6939
885
639
6573
9982
7688
3133
9431
7150
8409
6673
5419
3913
4130
2053
9457
9212
2779
2671
4355
307
5862
5917
7591
5253
691
5992
7855
1621
2752
5028
6138
1864
3240
3383
420
9877
2483
3735
72
200
3993
4778
4757
239
2206
4065
2546
2398
3876
9563
6366
7785
7151
953
2397
8323
4584
1569
3726
1267
1606
697
2910
4445
1141
4156
5116
1726
9812
3398
8955
5613
4510
2446
3191
7122
8212
5365
8800
4354
3658
7415
8596
8928
4264
7650
8122
9085
2092
4565
2365
9351
3931
5408
5341
4183
873
9157
8013
1166
7449
2659
6511
2177
8450
8733
7697
6865
1475
8704
514
2354
2550
360
8933
7484
9714
3962
1268
7916
4452
7654
1986
3193
4103
2651
8040
3610
8262
1858
8390
225
2475
8572
5737
2124
8136
9623
636
9799
7058
4555
3240
8046
8554
1256
5836
6660
4419
9547
2432
3724
4949
3151
8085
9431
1293
1914
5005
7814
123
634
3518
546
8928
4904
8284
497
7623
9886
5163
5679
6890
7889
619
8762
3246
8656
8651
1579
4720
7761
3016
4074
2034
6420
9520
2151
872
8862
9663
8368
5566
443
9643
1893
8631
1079
7783
4268
2063
7959
193
9848
5406
1099
990
721
4642
4348
6814
3997
7066
6488
5118
9399
8880
6350
4330
7428
6658
7110
3836
9934
1181
7478
4280
7478
970
5032
6335
4757
4595
2421
4325
7764
6782
2207
8758
6097
817
5548
2150
321
1795
2514
8466
5469
2968
7754
6952
1622
6197
5863
7693
8646
7724
1024
4318
3751
5095
7041
7830
8068
1071
8265
4571
8655
3865
1551
9331
6671
2334
44
8950
7884
4319
7568
9562
23
3920
4166
7568
666
2212
5212
7394
1524
1334
6512
6035
6685
2639
4214
4528
1039
4001
8014
1839
5121
515
9627
7150
9969
1709
2051
6015
9353
5549
4289
6381
4013
9574
3870
9280
9368
7699
5370
9661
298
7292
9740
8912
5416
637
4283
9475
8098
5144
8475
9296
2677
5404
8991
8371
1476
5612
8057
4503
7775
2778
7684
5495
7916
4764
1093
349
1520
4709
6810
864
1002
9010
3135
4310
8902
5341
3817
7179
2706
6785
2307
8607
8304
4807
5991
50
7592
7871
98
7171
329
4444
7592
3808
7931
6068
1014
4312
8863
8641
9091
2248
4798
9827
1735
6322
468
6382
4912
5861
5644
1351
637
2004
3747
7156
8808
3129
1710
6768
6334
4654
1860
4790
9448
9435
8936
331
3823
6810
3987
7019
4046
2654
8673
1255
5197
9401
2467
1872
291
7297
5421
1681
6208
1249
9443
9307
3735
3514
5684
660
3474
9610
6787
7152
9056
1161
4067
9663
8905
2023
5620
3072
9307
1390
2775
5920
9880
5946
674
4208
2938
5764
7739
4839
323
6616
4980
4375
1234
303
1682
928
3502
2906
1241
6558
1081
4031
7659
788
3815
4873
2604
9732
993
4535
9857
5163
898
5609
9252
6887
7014
7819
9815
1772
9420
769
1853
724
956
3312
2761
7356
849
6212
2473
9277
9127
5131
6203
5053
7838
8779
9313
4031
4131
6924
2659
6369
5774
9518
8595
5135
6649
7960
8227
3104
9694
2788
9735
3666
5685
7184
6945
1240
8250
4806
8580
3260
2427
5833
7128
4226
4796
8267
444
5529
9430
6235
1289
3355
3107
2267
7428
496
584
2566
836
5219
418
701
1508
273
4239
1539
8190
7426
8614
900
3663
7977
8406
3979
9363
7846
3085
9500
5765
3716
2550
4620
9227
3180
807
3141
3446
8722
3303
7016
9502
7827
6606
386
2294
4178
490
6223
3372
7438
2941
8620
6309
8499
3903
9399
1153
2573
8240
1348
7696
1298
9195
271
40
8575
8441
7755
589
6396
6450
2360
2314
3592
1722
7346
4479
7840
2710
2226
9238
7726
4740
2359
8288
2700
6206
1031
9817
6028
5017
8300
678
4325
2115
9048
5987
1093
1698
4502
6203
5422
6700
2363
7714
7064
4564
4353
6487
427
1163
6146
8779
3110
4607
9412
2132
9033
4976
6307
8869
3361
2121
2243
5004
595
5318
7999
2049
2289
8472
8592
1978
1829
3500
3767
7781
9822
5196
6238
169
5952
2869
3168
4306
3407
727
1603
8770
1586
9694
1711
3386
861
2982
2792
3049
5909
5611
7287
5302
709
7894
7849
4405
8641
218
1675
1622
8475
2531
2180
4293
2972
7971
186
1372
7581
2538
3217
3442
8631
5593
6909
6831
7842
5597
1193
4889
8666
2607
6235
5934
5611
9403
5258
8276
8650
8749
8072
3906
8387
2357
4991
2801
6260
793
5001
9556
8506
791
4363
5852
1583
951
6740
4238
2675
2130
6825
5104
7888
9587
3782
2176
6388
2032
9602
2135
2530
4051
4962
9158
7567
260
9608
9697
4599
3039
6063
3513
2014
6819
7019
5765
8739
6859
6128
3611
70
5787
5479
9368
3073
7917
2514
9503
7694
7565
5053
3146
3946
7117
8966
6878
2342
2840
2053
2571
4012
548
6473
1676
9078
6455
5496
4531
3753
2020
3315
2390
6636
4183
4227
515
2180
9940
6250
7791
7315
8322
9082
2917
3005
9436
4953
5239
1440
1505
5969
5869
7216
1172
740
3569
3454
4722
7730
9159
4736
9147
9359
4872
8825
3467
2095
6403
4228
5398
5638
3190
7401
8222
8309
2906
2366
7014
1863
3699
5586
4795
9783
985
5619
945
3201
479
8639
2658
161
987
8765
4573
481
301
762
5004
8774
8447
9052
5659
632
3495
1783
9546
8340
4068
3359
5236
4837
2384
8798
3122
7846
7483
4348
9356
6077
7548
3506
3191
9525
5481
2757
4656
5259
5994
2320
6740
7698
5343
4698
5583
1907
3855
5152
3840
2608
5198
7329
9275
2098
3740
7663
8388
4684
7080
375
3855
992
424
1496
6850
4668
4064
1874
1970
8969
1870
5546
882
44
2557
46
3485
4737
5960
5213
9045
1958
6789
3368
314
4459
7526
9617
384
3204
92
1181
4077
3546
8933
3260
8845
8884
8134
6644
174
4766
9914
6227
4382
9388
3439
2474
7076
6609
7990
7892
2079
5088
6940
3361
5017
8640
6592
3780
2017
1086
841
7157
6964
5205
6210
3128
6425
9024
2925
4939
9440
8724
7192
3004
410
7350
2140
4680
3826
7612
6007
3869
7627
2104
938
2125
9097
7964
7054
4683
3056
1274
9049
9996
6421
3141
4702
4995
8777
7705
4168
7390
1614
8895
7045
449
5293
4064
7159
7575
306
6556
2728
1058
9456
1490
5308
1482
2630
9279
9374
5980
8834
9742
8763
3027
1717
2204
3087
1689
5133
8974
4244
797
5804
3156
8379
2083
2322
6219
9981
9934
690
2620
4357
2900
3985
8708
1775
4229
6495
4495
6165
8720
237
5891
532
4855
7696
1173
3674
4952
8479
6920
2189
3400
3276
7782
9913
536
9228
2331
501
5248
4360
2584
9683
7735
1103
6912
1403
1495
7908
5734
5738
8085
6220
4027
3836
6293
2824
8591
1908
654
9915
8788
9934
1778
7680
8611
6447
6214
8144
4737
2805
4613
2119
5374
6320
8519
5367
7551
1278
1319
5586
1709
5667
1165
2144
8141
630
3396
3073
1221
4
3356
8285
7631
6013
1272
3635
2104
5071
9119
9520
6419
7750
9456
852
8413
5355
4121
7050
4538
1915
5535
6867
224
4706
3709
7194
1313
6277
5589
7972
7412
3351
1529
4502
9331
2414
5250
7556
6302
4525
2794
9574
6060
9625
8883
6460
2123
4354
8382
4480
6904
9226
886
543
3466
357
4145
2763
3475
8423
8583
7443
2677
9946
9070
7700
9438
8946
837
6262
2310
613
331
6236
5440
465
4474
7625
151
2949
7718
6347
9931
4932
8827
9349
1871
8062
7537
8684
1912
9981
5057
9333
8982
5583
9649
5222
9059
7377
8045
1337
1173
7786
1752
1822
4136
3556
2030
656
5914
115
1483
6440
9786
7803
6243
6601
8569
6971
1630
5938
2138
4780
8951
2657
9421
8666
9695
9740
354
3885
6017
8066
6307
6703
1606
4068
3125
4806
3742
2392
583
7159
5456
7818
8709
6558
2543
4709
2493
8978
6477
6357
8472
513
9407
6613
3803
96
4255
7417
7093
1483
6600
2954
430
9966
2411
5306
2654
7281
3226
7155
4588
9442
9247
175
3627
9877
5557
4484
4697
9601
802
6008
2064
873
6264
419
488
5110
879
792
474
8461
7780
946
7437
408
8662
5052
5841
9099
8419
8141
8521
1764
521
8937
5096
3547
673
9512
7858
4583
7920
570
896
1573
2734
2404
6112
6069
5861
8317
3393
1380
2933
4353
4082
5631
3479
8883
946
881
883
7845
6390
5992
5452
3022
7780
3545
5516
9515
8832
616
1871
5696
7293
8391
2147
1923
563
5555
148
3703
2600
7282
5632
3422
5934
7339
5594
4393
8633
6640
4393
9265
5437
4143
7808
5538
1253
4971
8687
665
8599
3360
2335
8236
3592
2965
4753
2642
8536
8320
7794
285
2685
4965
470
6208
7792
1287
5232
7780
8479
5033
3210
3203
3924
94
2701
7556
667
4557
6635
9109
1089
1051
2787
5447
555
2421
1388
6715
6056
6464
7059
2041
4598
3742
4989
481
1465
4834
4055
5423
2788
6139
5757
422
2469
9566
5926
3033
5283
2122
1019
9413
6239
1488
3576
7806
3198
3671
2555
6190
5430
7157
7039
1050
2839
5813
8202
2455
2933
2543
4352
3175
3110
9206
7401
1008
4135
6824
296
3409
9454
4005
1778
1985
3059
7436
7496
5609
2606
4580
749
5794
3055
7242
2334
2100
9020
132
3214
3365
6815
8537
5064
7038
4536
1145
2768
4251
8568
9604
2206
3313
1040
3149
9517
4438
5066
8686
9427
4660
8806
7204
8573
993
5396
4573
5696
6995
8393
5576
3508
4216
5581
1218
9135
4923
9823
2270
888
1228
5423
9907
6714
9622
4132
9398
1981
2912
2216
6963
6839
2584
5483
9335
6166
2012
5455
6163
2582
6595
9792
3121
5590
8014
5455
1281
3492
2989
6206
1763
1274
8049
4288
9986
4138
7970
5557
9237
4238
523
1865
4560
3158
7011
3893
2874
8208
915
1893
889
5451
4535
5125
8306
7724
2674
7916
5397
7800
4869
5504
1521
7200
9333
9938
2843
5829
3491
6699
8625
7978
1054
2192
5203
2751
8353
6334
5607
3628
2835
5859
9235
4793
2823
2884
1362
9258
4944
4046
5112
2278
4831
2141
1370
1748
2040
461
9049
1015
4867
724
5213
4983
5379
5247
5530
6185
8121
1727
8368
9482
4006
3197
4910
2843
2671
6187
4464
1934
1830
5698
7049
509
9097
7144
4582
3411
4458
5138
2870
72
3711
6314
6860
256
6010
6115
5870
5693
151
6474
5952
7364
9832
3733
9521
3784
6873
8769
2546
3674
8499
2602
6105
7935
1532
8337
5728
4143
5691
7527
2271
1769
5112
9761
2090
2550
5870
2165
3900
4472
6794
3847
321
7651
9336
1052
9730
5658
5472
9701
9098
1836
4533
1146
5301
266
1292
9680
8255
1634
4773
8835
2230
6095
4935
9625
3107
1430
8230
39
7814
5289
482
4474
5156
5136
480
3641
4884
7569
2100
9692
9510
4956
680
6555
2090
9278
3880
8190
8213
9682
3311
9758
8004
8803
6115
5548
9571
3327
1634
7059
7238
268
2032
7341
2035
2426
3377
2930
8634
9252
8165
3991
7342
5079
3871
4512
4482
7457
6851
2648
9456
1926
4579
275
9792
6231
169
4697
5251
8229
619
5804
5990
1195
8484
6712
4070
5398
7418
7514
2349
7469
646
4236
7811
7668
7752
7344
2685
5647
7296
1606
4504
8510
9505
4504
1040
9729
549
4162
9983
4517
3028
9900
9759
8051
48
4326
2167
4334
820
8043
6327
1932
6180
5742
7068
5063
4672
3022
6840
3461
6513
5455
5155
8702
9550
7038
7954
4394
9313
347
9368
1011
1499
5957
6347
6111
5613
1584
6515
7906
8264
2143
4928
8392
8925
3279
3156
3280
25
1228
1900
9169
3250
2596
3778
8170
6907
3756
1428
650
180
8193
6122
5516
3143
7037
1116
8764
166
6617
6010
1146
3510
3754
1499
2119
6065
3039
3627
1173
9924
9659
9334
8842
267
9777
1561
269
7597
8641
8390
2120
3896
6042
8305
2255
2685
848
4716
2122
1894
5152
8342
7307
6589
6774
5841
5820
8861
2968
1067
1013
4343
2001
9689
982
1344
1929
656
6036
8602
4567
5469
2457
4294
3714
5590
2217
9142
428
2719
7808
626
5046
5119
8196
9730
171
706
8348
4758
4059
5093
8953
4250
7767
6176
2736
2783
6929
5846
8722
6691
2626
3372
7961
5121
6223
4289
3907
2673
9390
3281
7624
6168
1750
6599
3968
5777
9711
1330
1513
4364
3122
6673
7153
7165
8741
3712
3883
7690
6216
3038
9391
2455
5524
7330
993
2847
6527
2929
685
1423
9767
7833
217
4335
7771
3022
6563
3944
2933
2342
2746
3419
2742
2676
6641
1311
3339
3476
4285
6887
5387
3561
9381
2765
5377
2043
9487
5873
3847
6335
8359
4481
3001
8824
6493
649
4649
7812
3802
5276
9332
6225
7796
508
233
6892
5786
1547
5130
9934
5322
9933
8181
5194
8575
7516
6339
6729
9461
9976
6646
857
740
4265
4751
1921
6071
5572
9098
5665
7595
8595
1177
6750
1041
2110
953
5566
2327
4715
3141
5890
8135
7141
1985
4437
3485
8868
576
5479
3803
8106
2028
260
6223
680
5615
1566
4942
3008
4269
334
8412
8516
494
8458
859
4680
7429
1739
4355
5427
3942
2404
6281
6090
6712
7912
4692
4759
1404
5590
878
6860
6406
1411
610
8264
5898
840
5977
2871
2907
2806
5199
1336
3317
7670
1814
3860
1082
8752
8822
4727
8977
5912
903
9138
1810
8037
4171
2278
642
6818
1428
165
7062
1318
3134
5654
174
9771
6426
4110
5002
4992
3712
3126
582
6652
7724
4708
3849
7728
8845
5298
1404
1952
1431
2848
3383
689
1537
9267
595
6378
4686
5322
1613
5779
3192
7709
5019
680
1516
6343
6223
7249
610
1503
