6
295
947
1150
4631
5125
5409
5821
6106
7483
7556
7956
8188
8205
8452
10954
11168
12280
12730
12733
13052
13195
16978
17033
17231
18046
20286
21006
22009
22957
23663
26346
27254
27899
28161
28685
29239
30016
30309
31455
32095
32271
32329
32436
33016
33174
33221
34894
35295
35363
35389
36235
36287
36687
37258
38042
38523
40115
40459
42187
43373
44403
47492
47758
48555
48852
49710
51457
52008
53521
53830
54562
54634
55291
56085
56443
56677
58077
58374
58448
60268
60344
60598
61327
61981
62561
62737
63722
68224
70611
71350
71865
72454
73164
74820
75645
76892
77497
77957
78484
78957
79989
81290
81803
83557
84749
84808
85347
85890
86257
86347
86435
87237
88469
88625
89887
90137
90249
92804
93706
94626
102749
102846
104205
105495
106262
106841
107630
107838
110388
112124
115369
116822
117586
117591
119689
121226
121334
121713
122598
123136
123585
125697
125849
125985
127578
129220
130036
131003
133464
134434
134808
135458
139702
141398
142557
143175
144835
147133
148297
150002
150066
150588
151549
153449
153897
155645
155647
156065
156070
156889
157865
163169
165786
167324
167360
168301
168930
169908
172181
172382
173728
174169
174349
174513
175151
176218
176979
177174
178405
178508
180425
182556
183733
183831
184756
184886
185780
189124
191335
193546
194803
195284
195363
195379
195632
196717
198032
198764
199343
199519
199622
201782
203511
203692
207874
208414
211938
212026
213313
215019
215107
217561
218548
219906
221607
224182
224368
225917
226699
227003
227851
228182
229954
231084
233251
233260
233640
234504
234546
234862
236226
240291
241052
243821
244766
246715
248066
249620
250838
252281
254311
254742
258366
258890
260398
260456
261123
261635
262116
262913
265057
265742
265783
267909
268001
268122
268619
269349
269673
269849
270934
271282
271289
271894
272234
273292
273470
274320
274900
275827
277435
279483
280502
280829
281932
282066
282173
282599
283367
283508
284320
284721
285692
288049
288836
289113
291860
292059
294721
295830
296926
297292
297402
297426
298255
298802
299463
299985
301553
304518
304948
305695
305698
306782
307686
308616
308750
308880
309763
310010
312716
313114
313283
314308
314768
317697
320148
320215
322945
323560
323760
325205
327081
327528
328680
329216
330141
330928
331105
333997
334679
335828
337901
338638
342093
342181
343437
343674
344393
344781
345778
346087
346473
347608
348266
349322
351008
357126
357386
360230
363297
363472
365768
368935
370531
370969
371622
373055
375871
376044
376746
377248
378633
379520
380128
381519
382568
385175
386301
387078
389987
394451
395719
395904
396501
397329
397726
399160
399862
400533
401138
401758
401779
405464
405998
406350
408873
410228
410619
411136
411652
412670
413263
413776
415083
415585
415832
418643
419350
419481
420733
422158
423739
426144
426731
428006
428261
428411
429518
430272
432749
435153
435180
436565
437175
437448
437913
438161
438681
439406
440063
442296
442296
442402
443090
443752
446708
447184
448387
449297
449511
450641
450983
451875
453824
454642
456208
456576
459315
460114
461421
461537
462212
462496
463259
463599
463645
468963
470074
472146
473755
474149
478285
478629
479624
483415
484535
484644
484993
485208
485430
486345
487850
488628
488699
489047
494429
495898
496419
496448
497619
499443
499693
501441
501565
502732
504586
504750
504948
507438
507632
508017
509531
509739
509953
511149
511424
515221
515795
517021
518593
520853
523178
524169
528137
528790
529491
529565
529866
531345
532637
536109
539010
546307
546483
547636
547788
549655
549686
549889
550532
550939
551060
551651
553801
553976
555361
555525
557901
558894
560005
560336
560647
561020
561873
563604
563728
563850
563990
564010
564226
564306
564777
565256
566273
568021
568068
569250
569283
569728
570254
574132
575066
582971
583843
584096
584366
586982
587079
588180
588875
589206
589567
589905
590562
591273
591405
593291
594044
594541
595438
596682
596899
597010
602656
604884
605089
607507
608260
608687
609480
609620
609849
610240
610389
611504
612043
613286
614361
615076
615763
617698
618294
619802
621686
621706
622766
623046
624274
624823
624914
628497
629438
630142
630299
630676
631242
632469
633452
633640
636829
640922
640981
642519
643962
647549
647752
647835
648196
649547
649853
649959
650880
650969
652675
652983
653194
654577
655661
655783
657717
660244
660259
664069
664798
664949
666540
666591
667865
669740
670555
672099
672579
676047
676601
679881
680215
680382
681475
682870
684873
685485
685997
688404
688936
690150
691308
691995
692930
693031
693108
694102
694653
695980
696305
696556
699053
699778
700531
700830
702124
702421
703194
703210
705165
705427
706077
706611
707701
708164
708224
708832
710457
710619
710941
712441
716219
716675
716878
717143
717295
718379
721754
722127
723455
723863
724401
726002
727495
729033
733630
733745
736031
736216
737128
737584
739749
739846
741167
741383
741918
742321
742513
742551
743150
744531
746473
747187
747348
748231
748977
749433
750039
750196
751959
752162
752272
754897
755182
756044
756852
757100
757809
758746
759046
759156
760962
761181
762057
762628
767365
767507
768227
769660
769753
770040
770218
772012
772762
772924
773175
774110
774533
774750
777785
778419
780324
780600
780706
781916
782291
782667
782899
784664
788371
788588
788803
790068
792286
792581
792643
793714
793966
794315
795130
795383
796321
797184
797989
800232
800908
801170
802399
802549
803267
803300
804010
804527
805503
808066
808252
808907
809359
810905
811153
813179
815183
816319
816673
817256
817733
817987
818070
820190
822651
822808
823703
823915
825571
826669
827541
830336
831093
831356
832317
833012
833631
835693
836919
837158
838548
839248
840176
840721
840867
840997
841188
841251
841411
841987
842097
842306
842437
843011
843934
844318
844820
847366
847912
849247
849301
850199
852212
852401
853418
853651
853906
855039
856284
857476
858201
861970
862075
862209
864342
865686
866513
868159
868303
870338
870385
870442
872160
873611
874297
874470
874872
876981
877265
877918
878595
881795
881885
882986
883718
884167
885054
885082
885250
885498
885651
885731
886074
887262
888204
891925
894517
897262
897382
897462
898077
902028
902313
902577
903790
905162
906466
906709
907411
908124
908163
908249
908832
909845
912316
912421
912966
914933
915277
915515
917275
919595
920364
921885
922735
922756
924380
924897
928096
929345
929531
930056
930560
932076
933140
934673
936002
937903
939271
939888
940553
941031
941743
943068
943073
943957
945630
946414
946717
946764
947064
947807
947807
947821
948897
949735
951075
953593
955001
957170
957690
957730
958050
958159
958814
960667
960727
961460
961510
962293
964022
965059
965527
968126
968768
969344
969622
970174
972116
973513
973890
974058
974255
975054
976472
977349
978993
979013
979058
979371
980573
982166
984247
985887
987063
989122
990322
992361
992474
992560
992661
992848
994072
994955
995739
995975
997049
997742
998547
